[Project1] 28434 1588133969.652833309 1588133970.480519892
[Project1] 28435 1588133971.313539338 1588133972.125045818
[Project1] 28436 1588133972.969417030 1588133973.779936887
[Project1] 28437 1588133974.625547422 1588133975.428957857
[Project1] 28439 1588133976.266216235 1588133977.072111540
[Project1] 28442 1588133977.927359903 1588133978.735324902
[Project1] 28443 1588133979.578989381 1588133980.376765357
[Project1] 28444 1588133981.251663316 1588133982.078177876
[Project1] 28445 1588133982.905058029 1588133983.726445123
[Project1] 28446 1588133984.579718708 1588133985.391831865
